986
361 27
29 116
347 411
161 749
214 261
176 25
225 21
576 564
40 55
360 390
369 341
169 522
421 348
206 674
2 1
386 221
264 839
474 455
567 358
407 780
936 18
672 4
49 616
261 385
489 468
366 480
548 269
605 720
250 563
852 509
129 494
73 120
882 796
362 236
233 256
247 60
678 288
7 87
169 196
64 322
12 14
196 206
16 121
700 574
12 18
17 8
91 118
519 388
702 743
449 149
542 355
40 618
951 562
501 579
13 16
150 126
664 537
214 97
225 621
424 562
289 484
28 570
528 948
108 184
189 60
113 122
113 146
814 895
468 108
1 6
13 66
295 496
445 501
603 357
42 45
756 503
281 488
533 410
967 194
173 57
625 924
408 886
65 22
704 445
233 550
660 657
94 552
75 140
383 669
594 157
283 331
284 258
710 854
15 35
249 98
27 46
275 323
540 383
921 137
200 825
89 910
42 21
63 132
511 601
173 652
748 676
746 301
292 686
472 805
161 605
457 25
300 189
36 23
972 234
589 25
70 587
455 208
602 364
751 846
29 114
200 88
552 609
249 604
30 16
745 330
291 231
96 27
492 357
82 244
442 94
611 24
876 342
667 779
281 3
742 395
40 129
109 177
903 277
607 403
859 21
216 226
118 338
737 521
506 115
46 53
510 454
532 244
809 701
192 52
294 1
107 220
103 79
136 19
511 625
221 29
801 360
485 221
335 201
110 23
126 870
217 260
165 985
5 4
535 67
384 146
786 601
415 243
168 348
347 808
24 210
555 633
235 373
457 715
782 320
5 292
34 165
441 134
553 904
424 395
959 724
865 672
426 428
323 507
311 818
394 139
312 653
520 396
161 73
729 41
93 251
169 387
871 62
14 423
233 31
288 172
495 264
91 305
37 3
869 558
977 125
124 280
155 606
815 28
697 82
536 135
369 892
376 450
577 952
503 974
736 457
373 682
646 12
263 8
147 673
432 120
88 490
201 593
416 63
258 640
169 79
9 709
935 150
101 172
287 849
421 761
890 550
10 802
222 833
697 893
841 143
224 5
83 76
3 23
670 912
106 750
636 445
407 204
50 188
86 317
612 373
7 93
152 398
214 378
73 109
107 51
215 92
137 23
302 553
274 18
436 278
59 8
243 180
711 112
471 702
33 44
9 236
860 925
100 208
536 688
135 61
475 684
955 108
445 333
416 764
3 8
847 109
342 78
602 947
525 88
119 167
58 353
42 863
511 468
735 793
807 520
740 672
25 23
230 543
385 960
632 371
6 219
500 666
822 690
352 393
252 206
515 598
953 702
279 733
48 6
565 150
43 54
654 53
460 209
502 346
33 275
294 976
29 75
138 185
482 945
77 58
68 76
777 488
315 360
343 430
580 423
422 356
556 641
173 235
798 719
483 851
427 270
171 87
679 253
491 289
26 3
15 19
178 366
658 878
231 181
310 67
687 568
591 21
32 7
164 105
888 744
326 244
94 413
39 112
615 475
238 788
226 483
69 290
99 529
552 617
527 480
643 27
47 582
555 479
469 926
110 813
458 694
85 75
637 17
40 566
329 98
789 578
327 478
578 452
785 385
512 56
539 291
189 638
71 15
197 257
250 765
458 92
16 97
108 43
20 12
147 36
125 79
426 608
53 99
739 273
347 735
342 482
232 757
227 181
535 896
149 162
464 100
677 510
141 119
205 131
633 937
279 62
81 969
213 689
246 237
45 158
887 309
395 675
872 759
430 966
187 12
17 51
901 229
123 547
741 465
762 214
297 44
332 175
691 139
29 25
215 388
234 139
130 155
970 138
112 685
414 531
775 621
167 410
759 744
157 113
835 3
60 671
40 20
53 352
778 719
905 197
102 78
11 31
260 299
727 641
15 60
509 629
884 979
526 264
231 884
380 28
59 89
622 164
189 466
894 806
692 659
187 313
82 45
353 518
15 22
460 595
445 619
965 126
375 339
457 874
124 92
20 88
188 505
758 113
62 28
303 132
705 351
504 55
265 174
598 898
880 479
179 14
420 350
556 843
158 212
379 230
67 151
302 54
31 476
984 798
85 844
351 176
182 626
171 907
144 211
170 134
104 796
104 86
756 978
8 10
171 862
280 285
817 306
374 557
63 133
648 70
311 799
931 604
426 716
820 480
537 902
372 55
62 971
677 889
332 564
166 193
986 723
803 202
856 482
829 754
75 245
356 302
1 9
91 80
710 250
133 197
487 333
404 405
293 5
620 412
295 57
318 238
403 538
160 27
491 680
309 75
68 15
1 719
367 45
191 248
521 287
706 440
947 975
74 117
266 50
135 278
81 79
291 354
918 892
658 6
703 255
734 602
159 404
425 334
280 551
792 607
232 73
92 95
690 622
267 50
461 72
380 414
24 34
7 56
879 9
200 867
254 174
650 35
481 266
300 949
447 154
371 348
30 545
857 287
92 39
344 131
264 243
108 178
928 165
86 726
306 523
54 408
500 307
72 950
312 281
339 102
718 443
138 71
13 11
103 333
590 62
218 127
58 50
14 73
906 879
567 670
72 751
323 359
148 549
958 276
707 136
723 301
27 143
363 296
326 365
155 864
794 156
409 226
781 75
419 917
263 515
857 858
544 717
98 772
24 69
2 90
174 216
307 381
430 448
28 26
292 919
213 645
70 41
499 154
7 153
220 639
81 142
962 302
840 673
452 403
86 627
166 161
299 382
113 57
327 254
556 126
126 35
752 394
147 174
932 126
265 399
523 760
119 271
946 523
324 173
828 434
645 713
128 45
928 943
195 721
350 253
172 191
43 31
607 827
181 592
314 708
661 202
181 58
647 283
12 67
944 167
465 142
19 289
897 121
753 549
403 384
550 838
467 642
439 475
270 304
186 73
836 751
202 43
443 167
266 319
282 88
12 50
693 115
790 733
495 696
183 70
321 243
920 771
923 767
168 116
3 11
357 71
203 19
244 649
311 530
345 157
451 210
899 92
239 349
961 629
160 459
873 739
942 618
530 534
144 120
614 511
364 107
922 836
241 401
855 279
540 624
127 49
755 753
297 850
389 98
260 417
561 45
134 180
190 71
21 2
98 812
218 860
200 929
316 325
277 311
491 811
559 270
397 261
80 2
48 714
891 320
91 134
729 927
623 477
472 583
766 423
354 368
93 131
398 885
298 262
877 626
39 262
164 956
114 644
477 97
462 368
452 776
431 767
769 278
16 84
266 774
605 911
33 250
151 163
223 80
13 57
268 101
574 21
29 100
149 81
834 286
213 206
682 819
135 355
328 546
341 118
4 2
964 564
172 296
133 308
396 37
804 254
659 584
326 419
202 343
216 392
454 21
431 328
968 809
170 315
78 119
181 204
328 238
806 496
418 313
152 134
40 544
362 406
159 120
187 597
675 831
9 105
584 725
816 667
296 347
229 226
500 513
184 861
46 471
17 273
773 532
142 571
47 42
374 199
194 14
795 413
102 237
982 861
585 512
140 508
292 537
372 754
116 242
15 49
847 957
277 251
15 5
199 119
483 701
152 444
149 307
300 346
783 107
771 671
201 6
260 656
8 209
25 320
99 207
213 230
222 140
79 456
916 32
608 747
39 36
573 218
938 804
399 453
599 91
9 33
330 17
111 99
84 94
41 20
509 49
213 377
665 369
249 440
70 115
358 8
973 527
258 165
411 586
251 301
61 15
65 78
352 635
2 3
848 524
457 498
240 17
272 77
981 414
630 239
784 381
939 796
569 425
312 866
651 483
791 16
79 156
182 35
657 578
469 479
634 763
291 446
188 909
24 106
279 433
154 253
336 80
787 728
285 402
213 306
369 383
463 57
97 541
50 470
283 206
412 85
588 319
46 287
159 239
337 400
391 40
732 442
900 780
63 59
91 286
868 860
560 246
584 171
367 572
101 81
367 832
668 35
190 600
473 524
89 123
18 79
476 814
270 528
480 596
7 5
316 72
337 212
14 770
52 426
963 500
124 148
883 636
10 38
499 940
934 834
497 442
47 52
439 99
676 202
575 55
18 983
241 231
517 160
683 227
185 228
577 407
45 139
738 163
540 797
257 655
823 149
523 663
13 514
201 472
130 154
190 195
875 802
238 43
437 231
187 255
33 64
695 954
498 613
363 826
